2026-04-24T02:02:20.5742354Z ##[group]Run actions/upload-artifact@043fb46d1a93c77aae656e7c1c64a875d1fc6a0a
2026-04-24T02:02:20.5743125Z with:
2026-04-24T02:02:20.5743930Z   name: activation
2026-04-24T02:02:20.5745372Z   path: /tmp/gh-aw/aw_info.json
/tmp/gh-aw/aw-prompts/prompt.txt
/tmp/gh-aw/github_rate_limits.jsonl

2026-04-24T02:02:20.5746266Z   if-no-files-found: ignore
2026-04-24T02:02:20.5746683Z   retention-days: 1
2026-04-24T02:02:20.5747068Z   compression-level: 6
2026-04-24T02:02:20.5747452Z   overwrite: false
2026-04-24T02:02:20.5747844Z   include-hidden-files: false
2026-04-24T02:02:20.5748268Z   archive: true
2026-04-24T02:02:20.5748606Z env:
2026-04-24T02:02:20.5755663Z   GH_AW_MODEL_MULTIPLIERS: {
  "version": "1",
  "description": "Effective Tokens (ET) computation data per the gh-aw Effective Tokens Specification v0.2.0. Token class weights are applied first to normalize across token classes, then the per-model multiplier scales the result relative to the reference model.",
  "reference_model": "claude-sonnet-4.5",
  "token_class_weights": {
    "input": 1.0,
    "cached_input": 0.1,
    "output": 4.0,
    "reasoning": 4.0,
    "cache_write": 1.0
  },
  "multipliers": {
    "claude-haiku-4.5": 0.1,
    "claude-3-5-haiku": 0.1,
    "claude-3-haiku": 0.1,
    "claude-sonnet-4.5": 1.0,
    "claude-sonnet-4.6": 1.0,
    "claude-3-5-sonnet": 1.0,
    "claude-3-7-sonnet": 1.0,
    "claude-3-sonnet": 1.0,
    "claude-opus-4.5": 5.0,
    "claude-opus-4.6": 5.0,
    "claude-3-5-opus": 5.0,
    "claude-3-opus": 5.0,
    "gpt-4o": 1.0,
    "gpt-4o-mini": 0.1,
    "gpt-4.1": 1.0,
    "gpt-4.1-2025-04-14": 1.0,
    "gpt-41-copilot": 1.0,
    "gpt-4.1-mini": 0.1,
    "gpt-4.1-nano": 0.05,
    "gpt-4-turbo": 1.0,
    "gpt-4": 1.0,
    "gpt-5": 1.0,
    "gpt-5-mini": 0,
    "gpt-5.1": 1.0,
    "gpt-5.1-codex": 1.0,
    "gpt-5.1-codex-mini": 0.33,
    "gpt-5.1-codex-max": 1.0,
    "gpt-5.2": 1.0,
    "gpt-5.2-codex": 1.0,
    "gpt-5.3-codex": 1.0,
    "gpt-5.4": 1.0,
    "gpt-5.4-mini": 0.33,
    "o1": 3.0,
    "o1-mini": 0.5,
    "o1-pro": 10.0,
    "o3": 3.0,
    "o3-mini": 0.5,
    "o4-mini": 0.5,
    "gemini-2.5-pro": 1.0,
    "gemini-2.5-flash": 0.2,
    "gemini-2.0-flash": 0.1,
    "gemini-1.5-pro": 1.0,
    "gemini-1.5-flash": 0.1
  }
}
2026-04-24T02:02:20.5763480Z   GITHUB_AW_OTEL_TRACE_ID: c026c7155c91cf4ca046ed572da2352b
2026-04-24T02:02:20.5764129Z   GITHUB_AW_OTEL_PARENT_SPAN_ID: 0ed06ba210ce19d4
2026-04-24T02:02:20.5764683Z   GITHUB_AW_OTEL_JOB_START_MS: 1776996138211
2026-04-24T02:02:20.5765167Z ##[endgroup]
2026-04-24T02:02:21.1105914Z Multiple search paths detected. Calculating the least common ancestor of all paths
2026-04-24T02:02:21.1107812Z The least common ancestor is /tmp/gh-aw. This will be the root directory of the artifact
2026-04-24T02:02:21.1108683Z With the provided path, there will be 3 files uploaded
2026-04-24T02:02:21.1109540Z Artifact name is valid!
2026-04-24T02:02:21.1109973Z Root directory input is valid!
2026-04-24T02:02:21.1135211Z Uploading artifact: activation.zip
2026-04-24T02:02:21.1136275Z Beginning upload of artifact content to blob storage
2026-04-24T02:02:21.1137396Z Uploaded bytes 3789
2026-04-24T02:02:21.1137883Z Finished uploading artifact content to blob storage!
2026-04-24T02:02:21.1138837Z SHA256 digest of uploaded artifact is 77b0ad0a8021e34178904cbae58e55f68b0c0c38650b449c3fdd16dd6916f043
2026-04-24T02:02:21.1139754Z Finalizing artifact upload
2026-04-24T02:02:21.1141657Z Artifact activation successfully finalized. Artifact ID 6615863637
2026-04-24T02:02:21.1142718Z Artifact activation has been successfully uploaded! Final size is 3789 bytes. Artifact ID is 6615863637
2026-04-24T02:02:21.1144026Z Artifact download URL: https://github.com/handrisantoso/ai-demo/actions/runs/24868424169/artifacts/6615863637
