2026-04-24T02:03:27.4742658Z ##[group]Run actions/download-artifact@3e5f45b2cfb9172054b4087a40e8e0b5a5461e7c
2026-04-24T02:03:27.4743433Z with:
2026-04-24T02:03:27.4743778Z   name: agent
2026-04-24T02:03:27.4744143Z   path: /tmp/gh-aw/
2026-04-24T02:03:27.4744535Z   merge-multiple: false
2026-04-24T02:03:27.4744969Z   repository: handrisantoso/ai-demo
2026-04-24T02:03:27.4745430Z   run-id: 24868424169
2026-04-24T02:03:27.4745828Z   skip-decompress: false
2026-04-24T02:03:27.4746239Z   digest-mismatch: error
2026-04-24T02:03:27.4746634Z env:
2026-04-24T02:03:27.4753963Z   GH_AW_MODEL_MULTIPLIERS: {
  "version": "1",
  "description": "Effective Tokens (ET) computation data per the gh-aw Effective Tokens Specification v0.2.0. Token class weights are applied first to normalize across token classes, then the per-model multiplier scales the result relative to the reference model.",
  "reference_model": "claude-sonnet-4.5",
  "token_class_weights": {
    "input": 1.0,
    "cached_input": 0.1,
    "output": 4.0,
    "reasoning": 4.0,
    "cache_write": 1.0
  },
  "multipliers": {
    "claude-haiku-4.5": 0.1,
    "claude-3-5-haiku": 0.1,
    "claude-3-haiku": 0.1,
    "claude-sonnet-4.5": 1.0,
    "claude-sonnet-4.6": 1.0,
    "claude-3-5-sonnet": 1.0,
    "claude-3-7-sonnet": 1.0,
    "claude-3-sonnet": 1.0,
    "claude-opus-4.5": 5.0,
    "claude-opus-4.6": 5.0,
    "claude-3-5-opus": 5.0,
    "claude-3-opus": 5.0,
    "gpt-4o": 1.0,
    "gpt-4o-mini": 0.1,
    "gpt-4.1": 1.0,
    "gpt-4.1-2025-04-14": 1.0,
    "gpt-41-copilot": 1.0,
    "gpt-4.1-mini": 0.1,
    "gpt-4.1-nano": 0.05,
    "gpt-4-turbo": 1.0,
    "gpt-4": 1.0,
    "gpt-5": 1.0,
    "gpt-5-mini": 0,
    "gpt-5.1": 1.0,
    "gpt-5.1-codex": 1.0,
    "gpt-5.1-codex-mini": 0.33,
    "gpt-5.1-codex-max": 1.0,
    "gpt-5.2": 1.0,
    "gpt-5.2-codex": 1.0,
    "gpt-5.3-codex": 1.0,
    "gpt-5.4": 1.0,
    "gpt-5.4-mini": 0.33,
    "o1": 3.0,
    "o1-mini": 0.5,
    "o1-pro": 10.0,
    "o3": 3.0,
    "o3-mini": 0.5,
    "o4-mini": 0.5,
    "gemini-2.5-pro": 1.0,
    "gemini-2.5-flash": 0.2,
    "gemini-2.0-flash": 0.1,
    "gemini-1.5-pro": 1.0,
    "gemini-1.5-flash": 0.1
  }
}
2026-04-24T02:03:27.4810433Z   GITHUB_AW_OTEL_TRACE_ID: c026c7155c91cf4ca046ed572da2352b
2026-04-24T02:03:27.4811157Z   GITHUB_AW_OTEL_PARENT_SPAN_ID: 4fef7deb13577c77
2026-04-24T02:03:27.4811737Z   GITHUB_AW_OTEL_JOB_START_MS: 1776996207449
2026-04-24T02:03:27.4812231Z ##[endgroup]
2026-04-24T02:03:27.9705001Z (node:969) [DEP0005] DeprecationWarning: Buffer() is deprecated due to security and usability issues. Please use the Buffer.alloc(), Buffer.allocUnsafe(), or Buffer.from() methods instead.
2026-04-24T02:03:27.9706703Z (Use `node --trace-deprecation ...` to show where the warning was created)
2026-04-24T02:03:27.9732350Z Downloading single artifact
2026-04-24T02:03:27.9735252Z Preparing to download the following artifacts:
2026-04-24T02:03:27.9736316Z - agent (ID: 6615872948, Size: 64429, Expected Digest: sha256:a58bb12a35a8fa30e514b2edd361bfe90bfd04d7666b66141a48e944985f0862)
2026-04-24T02:03:27.9799869Z Redirecting to blob download url: https://productionresultssa8.blob.core.windows.net/actions-results/52e00878-0ed0-407c-b470-7bcb035d34d3/workflow-job-run-1842287d-1939-5c6e-8df1-b9e4d7e80ed9/artifacts/d4f0bc5a29de06b510f9aa428f1eedba926012b591fef7a518e776a7c9bd1824.zip
2026-04-24T02:03:27.9802011Z Starting download of artifact to: /tmp/gh-aw
2026-04-24T02:03:28.0290643Z SHA256 digest of downloaded artifact is a58bb12a35a8fa30e514b2edd361bfe90bfd04d7666b66141a48e944985f0862
2026-04-24T02:03:28.0294780Z Artifact download completed successfully.
2026-04-24T02:03:28.0298295Z Total of 1 artifact(s) downloaded
2026-04-24T02:03:28.0305722Z Download artifact has finished successfully
